[(1,112,1),(16,1,8)]
[(196,1,1),(1024,1,1)]
[(1,56,1),(28,1,8)]
[(98,1,1),(128,1,1)]
[(1,2,36),(98,2,1)]
[(98,1,1),(128,1,1)]
[(2,14,4),(28,1,16)]
[(2,14,4),(28,1,16)]
[(1,56,2),(28,1,8)]
[(98,1,1),(128,1,1)]
[(1,2,36),(98,2,1)]
[(98,1,1),(128,1,1)]
[(2,14,4),(28,1,16)]
[(1,56,2),(28,1,8)]
[(98,1,1),(128,1,1)]
[(1,2,36),(98,2,1)]
[(98,1,1),(128,1,1)]
[(2,14,4),(28,1,16)]
[(2,14,4),(28,1,8)]
[(1,14,2),(14,1,16)]
[(1,28,4),(4,1,32)]
[(1,7,4),(28,1,32)]
[(1,14,4),(28,1,16)]
[(196,1,1),(128,1,1)]
[(2,4,16),(49,4,1)]
[(196,1,1),(128,1,1)]
[(1,7,4),(28,1,32)]
[(1,14,4),(28,1,16)]
[(196,1,1),(128,1,1)]
[(2,4,16),(49,4,1)]
[(196,1,1),(128,1,1)]
[(1,7,4),(28,1,32)]
[(1,14,4),(28,1,16)]
[(196,1,1),(128,1,1)]
[(2,4,16),(49,4,1)]
[(196,1,1),(128,1,1)]
[(1,7,4),(28,1,32)]
[(2,7,4),(2,4,16)]
[(2,1,4),(1,7,16)]
[(1,7,32),(14,1,8)]
[(1,7,16),(7,2,16)]
[(1,7,8),(14,2,16)]
[(98,1,1),(128,1,1)]
[(1,16,16),(49,1,1)]
[(98,1,1),(128,1,1)]
[(1,7,16),(7,2,16)]
[(1,7,8),(14,2,16)]
[(98,1,1),(128,1,1)]
[(1,16,16),(49,1,1)]
[(98,1,1),(128,1,1)]
[(1,7,16),(7,2,16)]
[(1,7,8),(14,2,16)]
[(98,1,1),(128,1,1)]
[(1,16,16),(49,1,1)]
[(98,1,1),(128,1,1)]
[(1,7,16),(7,2,16)]
[(1,7,8),(14,2,16)]
[(98,1,1),(128,1,1)]
[(1,16,16),(49,1,1)]
[(98,1,1),(128,1,1)]
[(1,7,16),(7,2,16)]
[(1,7,8),(14,2,16)]
[(98,1,1),(128,1,1)]
[(1,16,16),(49,1,1)]
[(98,1,1),(128,1,1)]
[(1,7,16),(7,2,16)]
[(1,7,16),(14,2,8)]
[(1,1,8),(1,7,32)]
[(1,7,16),(7,1,32)]
[(1,1,64),(1,7,16)]
[(1,7,16),(7,1,32)]
[(64,1,1),(128,1,1)]
[(1,8,16),(8,16,1)]
[(64,1,1),(128,1,1)]
[(1,1,64),(1,7,16)]
[(1,7,16),(7,1,32)]
[(64,1,1),(128,1,1)]
[(1,8,16),(8,16,1)]
[(64,1,1),(128,1,1)]
[(1,1,64),(1,7,16)]
[(64,1,1),(32,32,1)]
[(2,1,1),(1024,1,1)]
[(2,1,1),(1024,1,1)]
[(1001,1,1),(64,1,1)]
[(1,1,1),(32,32,1)]
[(1,1,1),(1,1,1)]
[(1,1,1),(32,32,1)]
[(1,1,1),(1001,1,1)]
[(1,1,1),(32,32,1)]
[(1,1,1),(1001,1,1)]
